4052.03 29.924
4052.04 29.714
4052.05 29.504
4052.06 29.294
4052.07 29.084
4052.08 28.874
4052.09 28.664
4052.1 28.454
4052.11 28.244
4052.12 28.035
4052.13 27.826
4052.14 27.617
4052.15 27.408
4052.16 27.2
4052.17 26.992
4052.18 26.784
4052.19 26.577
4052.2 26.37
4052.21 26.164
4052.22 25.958
4052.23 25.752
4052.24 25.547
4052.25 25.343
4052.26 25.139
4052.27 24.936
4052.28 24.733
4052.29 24.531
4052.3 24.33
4052.31 24.129
4052.32 23.929
4052.33 23.73
4052.34 23.531
4052.35 23.333
4052.36 23.136
4052.37 22.94
4052.38 22.745
4052.39 22.551
4052.4 22.358
4052.41 22.166
4052.42 21.975
4052.43 21.785
4052.44 21.596
4052.45 21.408
4052.46 21.221
4052.47 21.035
4052.48 20.85
4052.49 20.666
4052.5 20.484
4052.51 20.303
4052.52 20.123
4052.53 19.944
4052.54 19.767
4052.55 19.591
4052.56 19.417
4052.57 19.244
4052.58 19.073
4052.59 18.903
4052.6 18.735
4052.61 18.568
4052.62 18.403
4052.63 18.239
4052.64 18.077
4052.65 17.917
4052.66 17.759
4052.67 17.602
4052.68 17.447
4052.69 17.294
4052.7 17.143
4052.71 16.994
4052.72 16.847
4052.73 16.702
4052.74 16.559
4052.75 16.418
4052.76 16.279
4052.77 16.142
4052.78 16.007
4052.79 15.874
4052.8 15.744
4052.81 15.616
4052.82 15.49
4052.83 15.366
4052.84 15.245
4052.85 15.126
4052.86 15.01
4052.87 14.896
4052.88 14.785
4052.89 14.676
4052.9 14.57
4052.91 14.466
4052.92 14.365
4052.93 14.267
4052.94 14.171
4052.95 14.078
4052.96 13.988
4052.97 13.901
4052.98 13.817
4052.99 13.736
4053 13.658
4053.01 13.583
4053.02 13.511
4053.03 13.442
4053.04 13.376
4053.05 13.313
4053.06 13.253
4053.07 13.196
4053.08 13.143
4053.09 13.093
4053.1 13.046
4053.11 13.003
4053.12 12.963
4053.13 12.926
4053.14 12.893
4053.15 12.863
4053.16 12.837
4053.17 12.815
4053.18 12.796
4053.19 12.781
4053.2 12.77
4053.21 12.763
4053.22 12.759
4053.23 12.759
4053.24 12.763
4053.25 12.771
4053.26 12.783
4053.27 12.799
4053.28 12.819
4053.29 12.843
4053.3 12.871
4053.31 12.904
4053.32 12.941
4053.33 12.982
4053.34 13.027
4053.35 13.077
4053.36 13.131
4053.37 13.189
4053.38 13.252
4053.39 13.319
4053.4 13.391
4053.41 13.467
4053.42 13.548
4053.43 13.633
4053.44 13.723
4053.45 13.818
4053.46 13.917
4053.47 14.021
4053.48 14.13
4053.49 14.244
4053.5 14.363
4053.51 14.487
4053.52 14.616
4053.53 14.75
4053.54 14.889
4053.55 15.033
4053.56 15.182
4053.57 15.336
4053.58 15.495
4053.59 15.659
4053.6 15.828
4053.61 16.003
4053.62 16.183
4053.63 16.368
4053.64 16.559
4053.65 16.755
4053.66 16.957
4053.67 17.164
4053.68 17.377
4053.69 17.595
4053.7 17.819
4053.71 18.048
4053.72 18.283
4053.73 18.524
4053.74 18.771
4053.75 19.023
4053.76 19.281
4053.77 19.545
4053.78 19.815
4053.79 20.091
4053.8 20.373
4053.81 20.66
4053.82 20.953
4053.83 21.252
4053.84 21.558
4053.85 21.87
4053.86 22.188
4053.87 22.512
4053.88 22.842
4053.89 23.178
4053.9 23.521
4053.91 23.87
4053.92 24.225
4053.93 24.586
4053.94 24.954
4053.95 25.328
4053.96 25.709
4053.97 26.096
4053.98 26.489
4053.99 26.889
4054 27.295
4054.01 27.708
4054.02 28.127
4054.03 28.553
4054.04 28.986
4054.05 29.425
4054.06 29.871
4054.07 30.324
4054.08 30.783
4054.09 31.249
4054.1 31.722
4054.11 32.201
4054.12 32.687
4054.13 33.18
4054.14 33.68
4054.15 34.187
4054.16 34.701
4054.17 35.221
4054.18 35.748
4054.19 36.282
4054.2 36.823
4054.21 37.371
4054.22 37.926
4054.23 38.488
4054.24 39.057
4054.25 39.633
4054.26 40.216
4054.27 40.806
4054.28 41.403
4054.29 42.007
4054.3 42.618
4054.31 43.236
4054.32 43.861
4054.33 44.493
4054.34 45.132
4054.35 45.778
4054.36 46.431
4054.37 47.092
4054.38 47.76
4054.39 48.435
4054.4 49.117
4054.41 49.806
4054.42 50.502
4054.43 51.205
4054.44 51.915
4054.45 52.633
4054.46 53.358
4054.47 54.09
4054.48 54.829
4054.49 55.575
4054.5 56.328
4054.51 57.088
4054.52 57.855
4054.53 58.63
4054.54 59.412
4054.55 60.201
4054.56 60.997
4054.57 61.8
4054.58 62.61
4054.59 63.427
4054.6 64.251
4054.61 65.082
4054.62 65.92
4054.63 66.765
4054.64 67.617
4054.65 68.476
4054.66 69.342
4054.67 70.215
4054.68 71.095
4054.69 71.982
4054.7 72.876
4054.71 73.777
4054.72 74.685
4054.73 75.6
4054.74 76.522
4054.75 77.45
4054.76 78.385
4054.77 79.327
4054.78 80.276
4054.79 81.231
4054.8 82.193
4054.81 83.162
4054.82 84.137
4054.83 85.119
4054.84 86.107
4054.85 87.102
4054.86 88.103
4054.87 89.111
4054.88 90.125
4054.89 91.145
4054.9 92.172
4054.91 93.205
4054.92 94.244
4054.93 95.289
4054.94 96.34
4054.95 97.398
4054.96 98.462
4054.97 99.532
4054.98 100.608
4054.99 101.69
4055 102.778
4055.01 103.871
4055.02 104.97
4055.03 106.075
4055.04 107.186
4055.05 108.302
4055.06 109.424
4055.07 110.552
4055.08 111.685
4055.09 112.823
4055.1 113.967
4055.11 115.116
4055.12 116.27
4055.13 117.43
4055.14 118.595
4055.15 119.765
4055.16 120.94
4055.17 122.12
4055.18 123.305
4055.19 124.494
4055.2 125.688
4055.21 126.887
4055.22 128.09
4055.23 129.298
4055.24 130.51
4055.25 131.726
4055.26 132.947
4055.27 134.172
4055.28 135.401
4055.29 136.634
4055.3 137.871
4055.31 139.112
4055.32 140.357
4055.33 141.605
4055.34 142.857
4055.35 144.112
4055.36 145.371
4055.37 146.633
4055.38 147.898
4055.39 149.167
4055.4 150.439
4055.41 151.714
4055.42 152.991
4055.43 154.271
4055.44 155.554
4055.45 156.839
4055.46 158.127
4055.47 159.417
4055.48 160.709
4055.49 162.004
4055.5 163.301
4055.51 164.599
4055.52 165.899
4055.53 167.201
4055.54 168.505
4055.55 169.81
4055.56 171.116
4055.57 172.424
4055.58 173.733
4055.59 175.043
4055.6 176.354
4055.61 177.665
4055.62 178.977
4055.63 180.289
4055.64 181.602
4055.65 182.915
4055.66 184.228
4055.67 185.541
4055.68 186.854
4055.69 188.167
4055.7 189.479
4055.71 190.791
4055.72 192.102
4055.73 193.412
4055.74 194.721
4055.75 196.029
4055.76 197.336
4055.77 198.642
4055.78 199.946
4055.79 201.248
4055.8 202.549
4055.81 203.848
4055.82 205.145
4055.83 206.439
4055.84 207.731
4055.85 209.02
4055.86 210.307
4055.87 211.591
4055.88 212.872
4055.89 214.149
4055.9 215.423
4055.91 216.693
4055.92 217.96
4055.93 219.223
4055.94 220.482
4055.95 221.737
4055.96 222.987
4055.97 224.233
4055.98 225.474
4055.99 226.71
4056 227.941
4056.01 229.167
4056.02 230.388
4056.03 231.603
4056.04 232.812
4056.05 234.016
4056.06 235.214
4056.07 236.405
4056.08 237.59
4056.09 238.768
4056.1 239.939
4056.11 241.103
4056.12 242.26
4056.13 243.41
4056.14 244.552
4056.15 245.686
4056.16 246.812
4056.17 247.93
4056.18 249.04
4056.19 250.141
4056.2 251.234
4056.21 252.318
4056.22 253.392
4056.23 254.457
4056.24 255.513
4056.25 256.559
4056.26 257.595
4056.27 258.621
4056.28 259.636
4056.29 260.641
4056.3 261.635
4056.31 262.618
4056.32 263.59
4056.33 264.551
4056.34 265.5
4056.35 266.437
4056.36 267.362
4056.37 268.275
4056.38 269.175
4056.39 270.063
4056.4 270.938
4056.41 271.8
4056.42 272.648
4056.43 273.483
4056.44 274.304
4056.45 275.111
4056.46 275.904
4056.47 276.682
4056.48 277.446
4056.49 278.195
4056.5 278.929
4056.51 279.647
4056.52 280.35
4056.53 281.037
4056.54 281.708
4056.55 282.363
4056.56 283.001
4056.57 283.623
4056.58 284.228
4056.59 284.816
4056.6 285.386
4056.61 285.939
4056.62 286.474
4056.63 286.991
4056.64 287.489
4056.65 287.969
4056.66 288.43
4056.67 288.872
4056.68 289.295
4056.69 289.698
4056.7 290.081
4056.71 290.444
4056.72 290.787
4056.73 291.11
4056.74 291.412
4056.75 291.693
4056.76 291.953
4056.77 292.191
4056.78 292.408
4056.79 292.603
4056.8 292.776
4056.81 292.926
4056.82 293.054
4056.83 293.159
4056.84 293.241
4056.85 293.299
4056.86 293.334
4056.87 293.345
4056.88 293.332
4056.89 293.295
4056.9 293.233
4056.91 293.146
4056.92 293.034
4056.93 292.897
4056.94 292.734
4056.95 292.546
4056.96 292.336
4056.97 292.126
4056.98 291.916
4056.99 291.706
4057 291.496
4057.01 291.286
4057.02 291.076
4057.03 290.866
4057.04 290.656
4057.05 290.446
4057.06 290.236
4057.07 290.026
4057.08 289.816
4057.09 289.606
4057.1 289.396
4057.11 289.186
4057.12 288.976
4057.13 288.766
4057.14 288.556
4057.15 288.346
4057.16 288.136
4057.17 287.926
4057.18 287.716
4057.19 287.506
4057.2 287.296
4057.21 287.086
4057.22 286.876
4057.23 286.666
4057.24 286.456
4057.25 286.246
4057.26 286.036
4057.27 285.826
4057.28 285.616
4057.29 285.406
4057.3 285.196
4057.31 284.986
4057.32 284.776
4057.33 284.566
4057.34 284.356
4057.35 284.146
4057.36 283.936
4057.37 283.726
4057.38 283.516
4057.39 283.306
4057.4 283.096
4057.41 282.886
4057.42 282.676
4057.43 282.466
4057.44 282.256
4057.45 282.046
4057.46 281.836
4057.47 281.626
4057.48 281.416
4057.49 281.206
4057.5 280.996
4057.51 280.786
4057.52 280.576
4057.53 280.366
4057.54 280.156
4057.55 279.946
4057.56 279.736
4057.57 279.526
4057.58 279.316
4057.59 279.106
4057.6 278.896
4057.61 278.686
4057.62 278.476
4057.63 278.266
4057.64 278.056
4057.65 277.846
4057.66 277.636
4057.67 277.426
4057.68 277.216
4057.69 277.006
4057.7 276.796
4057.71 276.586
4057.72 276.376
4057.73 276.166
4057.74 275.956
4057.75 275.746
4057.76 275.536
4057.77 275.326
4057.78 275.116
4057.79 274.906
4057.8 274.696
4057.81 274.486
4057.82 274.276
4057.83 274.066
4057.84 273.856
4057.85 273.646
4057.86 273.436
4057.87 273.226
4057.88 273.016
4057.89 272.806
4057.9 272.596
4057.91 272.386
4057.92 272.176
4057.93 271.966
4057.94 271.756
4057.95 271.546
4057.96 271.336
4057.97 271.126
4057.98 270.916
4057.99 270.706
4058 270.496
4058.01 270.286
4058.02 270.076
4058.03 269.866
4058.04 269.656
4058.05 269.446
4058.06 269.236
4058.07 269.026
4058.08 268.816
4058.09 268.606
4058.1 268.396
4058.11 268.186
4058.12 267.976
4058.13 267.766
4058.14 267.556
4058.15 267.346
4058.16 267.136
4058.17 266.926
4058.18 266.716
4058.19 266.506
4058.2 266.296
4058.21 266.086
4058.22 265.876
4058.23 265.666
4058.24 265.456
4058.25 265.246
4058.26 265.036
4058.27 264.826
4058.28 264.616
4058.29 264.406
4058.3 264.196
4058.31 263.986
4058.32 263.776
4058.33 263.566
4058.34 263.356
4058.35 263.146
4058.36 262.936
4058.37 262.726
4058.38 262.516
4058.39 262.306
4058.4 262.096
4058.41 261.886
4058.42 261.676
4058.43 261.466
4058.44 261.256
4058.45 261.046
4058.46 260.836
4058.47 260.626
4058.48 260.416
4058.49 260.206
4058.5 259.996
4058.51 259.786
4058.52 259.576
4058.53 259.366
4058.54 259.156
4058.55 258.946
4058.56 258.736
4058.57 258.526
4058.58 258.316
4058.59 258.106
4058.6 257.896
4058.61 257.686
4058.62 257.476
4058.63 257.266
4058.64 257.056
4058.65 256.846
4058.66 256.636
4058.67 256.426
4058.68 256.216
4058.69 256.006
4058.7 255.796
4058.71 255.586
4058.72 255.376
4058.73 255.166
4058.74 254.956
4058.75 254.746
4058.76 254.536
4058.77 254.326
4058.78 254.116
4058.79 253.906
4058.8 253.696
4058.81 253.486
4058.82 253.276
4058.83 253.066
4058.84 252.856
4058.85 252.646
4058.86 252.436
4058.87 252.226
4058.88 252.016
4058.89 251.806
4058.9 251.596
4058.91 251.386
4058.92 251.176
4058.93 250.966
4058.94 250.756
4058.95 250.546
4058.96 250.336
4058.97 250.126
4058.98 249.916
4058.99 249.706
4059 249.496
4059.01 249.286
4059.02 249.076
4059.03 248.866
4059.04 248.656
4059.05 248.446
4059.06 248.236
4059.07 248.026
4059.08 247.816
4059.09 247.606
4059.1 247.396
4059.11 247.186
4059.12 246.976
4059.13 246.766
4059.14 246.556
4059.15 246.346
4059.16 246.136
4059.17 245.926
4059.18 245.716
4059.19 245.506
4059.2 245.296
4059.21 245.086
4059.22 244.876
4059.23 244.666
4059.24 244.456
4059.25 244.246
4059.26 244.036
4059.27 243.826
4059.28 243.616
4059.29 243.406
4059.3 243.196
4059.31 242.986
4059.32 242.776
4059.33 242.566
4059.34 242.356
4059.35 242.146
4059.36 241.936
4059.37 241.726
4059.38 241.516
4059.39 241.306
4059.4 241.096
4059.41 240.886
4059.42 240.676
4059.43 240.466
4059.44 240.256
4059.45 240.046
4059.46 239.836
4059.47 239.626
4059.48 239.416
4059.49 239.206
4059.5 238.996
4059.51 238.786
4059.52 238.576
4059.53 238.366
4059.54 238.156
4059.55 237.946
4059.56 237.736
4059.57 237.526
4059.58 237.316
4059.59 237.106
4059.6 236.896
4059.61 236.686
4059.62 236.476
4059.63 236.266
4059.64 236.056
4059.65 235.846
4059.66 235.636
4059.67 235.426
4059.68 235.216
4059.69 235.006
4059.7 234.796
4059.71 234.586
4059.72 234.376
4059.73 234.166
4059.74 233.956
4059.75 233.746
4059.76 233.536
4059.77 233.326
4059.78 233.116
4059.79 232.906
4059.8 232.696
4059.81 232.486
4059.82 232.276
4059.83 232.066
4059.84 231.856
4059.85 231.646
4059.86 231.436
4059.87 231.226
4059.88 231.016
4059.89 230.806
4059.9 230.596
4059.91 230.386
4059.92 230.176
4059.93 229.966
4059.94 229.756
4059.95 229.546
4059.96 229.336
4059.97 229.126
4059.98 228.916
4059.99 228.706
4060 228.496
